_C_16df1_5d2afb08_3 8c 0 170 0 0 20212121 0 64696e67 0 6420656e 0 63757465 0 20657865 0 72206973 0 65737465 0 725d2074 0 65737465 0 3a205b74 0 25307420 0 4020 
_C_16df1_5d2afb08_a 8c 0 18 0 0 25692e 
_C_16df1_5d2afb08_f cc 0 a0 1 0 5f6f7073 0 735f6f6e 0 5f6f6e65 0 735f6f72 0 7a65726f 
_C_16df1_5d2afb08_11 8c 0 b8 0 0 20746f70 0 74617274 0 705d2073 0 205b746f 0 2574203a 0 402030 
_C_16df1_5d2afb08_b cc 0 8 1 0 2e 
_C_16df1_5d2afb08_1 8c 0 128 0 0 20212121 0 73202564 0 6c742069 0 72657375 0 6c755d20 0 6c652061 0 73696e67 0 203a205b 0 20253074 0 40 
_C_16df1_5d2afb08_c cc 0 28 1 0 6f765f68 0 63 
_C_16df1_5d2afb08_d cc 0 30 1 0 5f636f76 0 6f70 
_C_16df1_5d2afb08_e cc 0 80 1 0 5f636f76 0 3a3a6f70 0 72616765 0 636f7665 
_C_16df1_5d2afb08_4 8c 0 110 0 0 20253468 0 3268203d 0 36732025 0 32682025 0 725d2025 0 65737465 0 3a205b74 0 25307420 0 4020 
_C_16df1_5d2afb08_5 8c 0 1c8 0 0 20212121 0 6e696e67 0 6567696e 0 65642062 0 65637574 0 73206578 0 72642069 0 65626f61 0 73636f72 0 72645d20 0 65626f61 0 73636f72 0 203a205b 0 20302574 0 40 
_C_16df1_5d2afb08_12 8c 0 a8 0 0 20746f70 0 20656e64 0 746f705d 0 203a205b 0 20302574 0 40 
_C_16df1_5d2afb08_8 8c 0 1c0 0 0 21212120 0 696e6720 0 67696e6e 0 64206265 0 63757465 0 20657865 0 68206973 0 62656e63 0 74657374 0 63685d20 0 7462656e 0 5b746573 0 74203a20 0 40202530 
_C_16df1_5d2afb08_6 8c 0 1b0 0 0 20212121 0 64696e67 0 6420656e 0 63757465 0 20657865 0 64206973 0 626f6172 0 636f7265 0 645d2073 0 626f6172 0 636f7265 0 3a205b73 0 30257420 0 4020 
_C_16df1_5d2afb08_14 cc 0 10 1 0 7462 
_C_16df1_5d2afb08_10 cc 0 f0 1 0 5f6f7073 0 735f6f6e 0 5f6f6e65 0 735f6f72 0 7a65726f 0 67653a3a 0 76657261 0 636f 
_C_16df1_5d2afb08_9 8c 0 1a8 0 0 21212120 0 696e6720 0 20656e64 0 75746564 0 65786563 0 20697320 0 656e6368 0 65737462 0 685d2074 0 62656e63 0 74657374 0 203a205b 0 20253074 0 40 
_C_16df1_5d2afb08_7 8c 0 150 0 0 20253068 0 756c743a 0 20726573 0 3a202573 0 20206f70 0 20253068 0 2020423a 0 20253068 0 3a20413a 0 494c4544 0 4641 
_C_16df1_5d2afb08_2 8c 0 188 0 0 20212121 0 6e696e67 0 6567696e 0 65642062 0 65637574 0 73206578 0 65722069 0 74657374 0 65725d20 0 74657374 0 203a205b 0 20302574 0 40 
_C_16df1_5d2afb08_13 8c 0 c8 0 0 652f6462 0 65726167 0 2f636f76 0 736e7073 0 7664622f 0 696d762e 0 73 
